# Fourier coefficients with time of DM speed distribution
#  v(km/s) m -2 -1 0 1 2
0.000000000000000000e+00 0.000000000000000000e+00 0.000000000000000000e+00 0.000000000000000000e+00 0.000000000000000000e+00 0.000000000000000000e+00
8.066210962548970187e+00 8.374435703870322828e-09 1.477911629858023104e-07 4.549799961249042306e-06 2.403860086804899862e-07 8.795774441126100570e-09
1.613242192509794037e+01 3.253302929881639251e-08 5.879345466432966131e-07 1.816461306905885819e-05 9.557631629281626220e-07 3.399089122781083938e-08
2.419863288764690878e+01 7.020123006211022109e-08 1.311139810431371247e-06 4.074108222501423405e-05 2.129417499878211329e-06 7.220827883404814036e-08
3.226484385019588075e+01 1.189450830838121042e-07 2.302888553404323013e-06 7.210753026752840641e-05 3.735546015406545122e-06 1.188942615399910473e-07
4.033105481274485271e+01 1.767553733333472753e-07 3.544118553558896843e-06 1.120241887795866861e-04 5.741436564926947822e-06 1.698064836294504428e-07
4.839726577529381757e+01 2.418510586865596287e-07 5.011497975966557094e-06 1.601838616636436696e-04 8.108963270613277850e-06 2.220650890704273771e-07
5.646347673784278953e+01 3.126357789620775542e-07 6.677970229050903880e-06 2.162137725298003417e-04 1.079489691893631850e-05 2.736496634638089975e-07
6.452968770039176150e+01 3.876092200575878552e-07 8.513292957154626765e-06 2.796792668876383085e-04 1.375189290647738511e-05 3.233900252090722662e-07
7.259589866294072635e+01 4.652236046826974152e-07 1.048459990686678389e-05 3.500887932572365629e-04 1.692900518694065974e-05 3.705860718434182077e-07
8.066210962548970542e+01 5.436744481220434044e-07 1.255762507265662942e-05 4.268999508943616844e-04 2.027217325291864579e-05 4.138691670260480982e-07
8.872832058803867028e+01 6.211394875534751048e-07 1.469627075288315806e-05 5.095265286532825542e-04 2.372724580996865085e-05 4.536810905834081369e-07
9.679453155058763514e+01 6.960792396445027794e-07 1.686573174971851605e-05 5.973461496080637945e-04 2.723817234023812508e-05 4.890119237319281018e-07
1.048607425131366284e+02 7.666695165324058016e-07 1.903003227681396192e-05 6.897066238005902837e-04 3.075036945614277812e-05 5.193723894847380647e-07
1.129269534756855791e+02 8.318439989618129658e-07 2.115532028724581841e-05 7.859324389599237851e-04 3.421075183079464848e-05 5.450480825286657716e-07
1.209931644382345723e+02 8.893160520560828959e-07 2.320902946596701738e-05 8.853313873577058589e-04 3.756586558646263761e-05 5.639314701985581085e-07
1.290593754007835230e+02 9.379091464226934601e-07 2.516041407128308309e-05 9.872043835495267639e-04 4.076963568568162674e-05 5.772378770423889442e-07
1.371255863633325021e+02 9.774746111404800715e-07 2.698080861496290387e-05 1.090844634524690054e-03 4.377480139075186615e-05 5.844581109923921193e-07
1.451917973258814527e+02 1.006499519237247015e-06 2.864514533588117875e-05 1.195553035036831966e-03 4.654163620924256950e-05 5.866417026224047834e-07
1.532580082884304318e+02 1.023787718062104633e-06 3.013137680069103802e-05 1.300633130926945541e-03 4.903242931665912805e-05 5.820707564973660070e-07
1.613242192509794108e+02 1.028585109558783050e-06 3.141843001425737985e-05 1.405403570725050934e-03 5.121500766128182970e-05 5.726842085739274310e-07
1.693904302135283615e+02 1.022985654991159880e-06 3.249166256241234205e-05 1.509201561834841833e-03 5.306251494705083540e-05 5.571247600034836981e-07
1.774566411760773406e+02 1.006201553970281130e-06 3.333830622994333830e-05 1.611384472335180510e-03 5.455130012260361519e-05 5.367769093664388180e-07
1.855228521386263196e+02 9.767694473288397199e-07 3.394858774989717394e-05 1.711339654379639757e-03 5.566514174089240961e-05 5.098192790949528436e-07
1.935890631011752703e+02 9.367737345417619380e-07 3.431457472867563147e-05 1.808479301767300807e-03 5.638851389169205415e-05 4.785712515239365325e-07
2.016552740637242493e+02 8.831218574032240481e-07 3.443460254791000711e-05 1.902251516767590727e-03 5.671531935323670756e-05 4.401732006613183972e-07
2.097214850262732568e+02 8.222677642472100653e-07 3.431020017616943831e-05 1.992150649329105499e-03 5.665027921435039946e-05 4.018800465014185214e-07
2.177876959888221791e+02 7.675236982715492875e-07 3.396275271177748095e-05 2.077748055448527201e-03 5.622975421894454810e-05 3.796860520371308599e-07
2.258539069513711581e+02 7.371369141888301906e-07 3.343400005472916235e-05 2.158741565832171094e-03 5.554531959260244781e-05 3.887563209029544726e-07
2.339201179139201372e+02 7.399150660738890329e-07 3.277042250801731464e-05 2.234846716018258541e-03 5.460906030959974023e-05 3.441275300260395781e-07
2.419863288764691447e+02 6.373420862986790751e-07 3.181725356511112509e-05 2.305709800660782436e-03 5.335504445726604091e-05 3.137572069682863501e-07
2.500525398390180669e+02 6.235961574488230468e-07 3.093781030552057043e-05 2.371717449423560616e-03 5.203324857016042120e-05 2.946682248044849939e-07
2.581187508015670460e+02 7.098356661747278195e-07 2.982969957810067494e-05 2.432207250299773995e-03 5.036057091030180037e-05 1.266964525678052111e-07
2.661849617641159966e+02 3.652789870195523036e-07 2.833751933736357989e-05 2.487479379805477338e-03 4.853820532739483857e-05 1.437377307326664823e-08
2.742511727266650041e+02 1.261725080505012587e-07 2.691832590859794577e-05 2.538043303374459044e-03 4.667831541858953132e-05 4.780770058087418087e-07
2.823173836892139548e+02 3.456790209873068983e-07 2.570605534518524308e-05 2.583699190850598411e-03 4.510678362249879054e-05 9.843216094013847491e-07
2.903835946517629054e+02 1.270669920758677574e-06 2.495764686877531964e-05 2.623649208893517968e-03 4.363754813363715534e-05 1.078807108450625870e-06
2.984498056143119129e+02 1.099634215499791523e-06 2.353025198469052936e-05 2.658826853931755153e-03 4.230804432861213327e-05 8.637721739571116080e-07
3.065160165768608636e+02 6.408242952689665306e-07 2.219449124208619159e-05 2.691203701646956766e-03 4.016448274165786988e-05 -3.302488584007678115e-08
3.145822275394098142e+02 -2.444154158831232263e-07 2.048725051144612979e-05 2.719842799059872182e-03 3.728733894605927286e-05 -5.501587390784379800e-07
3.226484385019588217e+02 -7.004251419610776044e-07 1.826424366266167563e-05 2.742685852311147355e-03 3.336949944373114889e-05 -5.447602210198375877e-07
3.307146494645077723e+02 -1.061610070742713035e-06 1.574965171102318500e-05 2.759092170939221860e-03 2.923303759729221218e-05 -7.923857637963776766e-07
3.387808604270567230e+02 -8.333792626218472116e-07 1.334309306153004052e-05 2.768839368125984059e-03 2.447096640872355175e-05 -6.003775180245018868e-07
3.468470713896057305e+02 -1.114230808430804357e-06 1.033258355648962489e-05 2.771311551169886467e-03 1.986879829257595062e-05 -9.183634502829285330e-07
3.549132823521546811e+02 -1.272543785895894894e-06 7.564433568932832891e-06 2.766462979316655028e-03 1.508717823400157270e-05 -8.733146894853902108e-07
3.629794933147036318e+02 -1.339871180417939541e-06 4.681195117828747344e-06 2.754908031986803753e-03 1.003578619633611455e-05 -8.707392195031438700e-07
3.710457042772526393e+02 -1.327183096199027395e-06 1.905521202106489881e-06 2.735602980554178824e-03 5.027830671344709735e-06 -9.140876000511918960e-07
3.791119152398015899e+02 -1.669467553575386937e-06 -1.136526749638676381e-06 2.709675132202262957e-03 -5.680100922732688744e-08 -1.126293918674634089e-06
3.871781262023505406e+02 -1.695629848364293176e-06 -4.066480716288570445e-06 2.676467010125874613e-03 -5.039583156241916302e-06 -1.041668434359957418e-06
3.952443371648995480e+02 -1.691079547106683188e-06 -6.943571820174951005e-06 2.636562873284880020e-03 -1.032661197439614373e-05 -8.588496818324372447e-07
4.033105481274484987e+02 -1.902987281186396964e-06 -9.800157518188392885e-06 2.589664622280018948e-03 -1.535526041834767098e-05 -1.018602224722138465e-06
4.113767590899974493e+02 -1.927273058420048351e-06 -1.254384412061749044e-05 2.536062480225803519e-03 -2.012909250212904739e-05 -1.188045595548630237e-06
4.194429700525465137e+02 -1.939696292290175628e-06 -1.556791281691079543e-05 2.476875538084680455e-03 -2.529826853248780827e-05 -1.181172765244735353e-06
4.275091810150954075e+02 -1.886410655760811620e-06 -1.806475782844381577e-05 2.411158954928300114e-03 -2.995245235150519205e-05 -7.992425195904299086e-07
4.355753919776443581e+02 -1.956958877446639492e-06 -2.047930872794098643e-05 2.339674261069884815e-03 -3.405973997063943038e-05 -1.088272174925140067e-06
4.436416029401934225e+02 -1.855642791709241623e-06 -2.292300737116241042e-05 2.263282217746713162e-03 -3.835351152351298352e-05 -1.034556062508764281e-06
4.517078139027423163e+02 -1.663934757806682464e-06 -2.509488593935376669e-05 2.182218742895866877e-03 -4.215367214614202930e-05 -9.731664951600889783e-07
4.597740248652913806e+02 -1.611646536408339962e-06 -2.726947662575137475e-05 2.096943510046615170e-03 -4.601646844942150054e-05 -9.340339560329055463e-07
4.678402358278402744e+02 -1.637671201657729172e-06 -2.898400124902542836e-05 2.007987503549528169e-03 -4.902120513277073179e-05 -8.440406239953291095e-07
4.759064467903892250e+02 -1.499281662593143672e-06 -3.056299279887485861e-05 1.915746098488189247e-03 -5.201854576146786073e-05 -7.813841631883021870e-07
4.839726577529382894e+02 -1.344471595941243112e-06 -3.194283380683235577e-05 1.821587600411052419e-03 -5.441841336295493537e-05 -7.876867550224091192e-07
4.920388687154871832e+02 -1.377376725036521408e-06 -3.311056222603029860e-05 1.724905239720037975e-03 -5.628157603933558767e-05 -6.899280003165126896e-07
5.001050796780361338e+02 -1.189587430063324760e-06 -3.404337783953698056e-05 1.627322048708330395e-03 -5.790476824203263847e-05 -6.224040274609386651e-07
5.081712906405850845e+02 -1.024151430254180686e-06 -3.456784894741701320e-05 1.529064810793983502e-03 -5.888322671606765731e-05 -5.313424475817276444e-07
5.162375016031340920e+02 -8.886147188229735879e-07 -3.488357065442701695e-05 1.430756074084557974e-03 -5.939221690582959775e-05 -3.859379181783065681e-07
5.243037125656830995e+02 -6.733889796933802430e-07 -3.494971321748980794e-05 1.333405073696306183e-03 -5.948804463060266374e-05 -2.754937513851289290e-07
5.323699235282319933e+02 -5.584345676749787991e-07 -3.471709411809243594e-05 1.237258493390274361e-03 -5.907950523550065445e-05 -2.704423848902848820e-07
5.404361344907810007e+02 -3.871141994502907768e-07 -3.422240193111291610e-05 1.143022613597684863e-03 -5.832695246165029107e-05 -1.342577600380351540e-07
5.485023454533300082e+02 -2.670386428544343591e-07 -3.355428480940823957e-05 1.051327122494288054e-03 -5.721254708332509426e-05 -4.952923869324641572e-08
5.565685564158789020e+02 -1.090826915105211061e-07 -3.271259646496067584e-05 9.624278151649756337e-04 -5.576382930847316579e-05 6.947751881728636482e-09
5.646347673784279095e+02 1.535710448901753793e-08 -3.168661521978502276e-05 8.768188617960081654e-04 -5.401379057797231535e-05 7.469864542731478978e-08
5.727009783409769170e+02 1.294259859527562469e-07 -3.051315512781507767e-05 7.948242811848843688e-04 -5.199063031236306263e-05 1.316233445465079776e-07
5.807671893035258108e+02 2.410330629311935834e-07 -2.920343527388784060e-05 7.167194309944702494e-04 -4.973875331520143448e-05 1.816201941246272365e-07
5.888334002660748183e+02 3.288670889089173639e-07 -2.779407243933304411e-05 6.427322817051137971e-04 -4.730174590117312269e-05 2.263588264898962484e-07
5.968996112286238258e+02 4.145313339844245615e-07 -2.629221531107674942e-05 5.730484599234724006e-04 -4.471364668612427086e-05 2.681409193640396359e-07
6.049658221911727196e+02 4.903058250648167052e-07 -2.472030871668795269e-05 5.077843910499179811e-04 -4.201494038194199520e-05 3.044115071203610241e-07
6.130320331537217271e+02 5.487730810579596217e-07 -2.310251613002419058e-05 4.470249705659798747e-04 -3.923518599980819961e-05 3.346510159210454403e-07
6.210982441162707346e+02 6.025349478512949869e-07 -2.145540154401302324e-05 3.907953837545814855e-04 -3.641213030005430510e-05 3.607009640023399783e-07
6.291644550788196284e+02 6.448335719795996067e-07 -1.979834434682108956e-05 3.390806328276322148e-04 -3.357478958236600260e-05 3.802606968597458813e-07
6.372306660413686359e+02 6.752426686615094320e-07 -1.814615426482333986e-05 2.918253731485509093e-04 -3.075171960244524924e-05 3.944506605137184419e-07
6.452968770039176434e+02 6.981314372270739061e-07 -1.651543046864799151e-05 2.489391508953760516e-04 -2.796874539494335045e-05 4.041831854512133621e-07
6.533630879664665372e+02 7.120873776756362342e-07 -1.491797705930318109e-05 2.102973266387488137e-04 -2.524653357022724881e-05 4.094876352901774932e-07
6.614292989290155447e+02 7.183512714140650965e-07 -1.336628471812221593e-05 1.757477160140111260e-04 -2.260648629997420039e-05 4.104215877310539450e-07
6.694955098915645522e+02 7.165381924064435604e-07 -1.187112942746036056e-05 1.451156164527980102e-04 -2.006518265303958973e-05 4.072228947490471492e-07
6.775617208541134460e+02 7.084094965324081707e-07 -1.044062652987212336e-05 1.182064240839443526e-04 -1.763707891056748330e-05 4.006468682879202086e-07
6.856279318166624535e+02 6.945805761339314085e-07 -9.082047096612973379e-06 9.480888958834813934e-05 -1.533359039729261582e-05 3.908297303044555502e-07
6.936941427792114609e+02 6.748249399594926908e-07 -7.801760175564450528e-06 7.469937635939002095e-05 -1.316556122272745724e-05 3.778862852970890519e-07
7.017603537417604684e+02 6.492834328479686110e-07 -6.605654004500990063e-06 5.764450456163201027e-05 -1.114173365089088159e-05 3.618844402014678133e-07
7.098265647043093622e+02 6.191104322433827100e-07 -5.497264649652849647e-06 4.340361315552082041e-05 -9.268747149377497721e-06 3.434845605354100821e-07
7.178927756668583697e+02 5.845292194129793635e-07 -4.480942419714650573e-06 3.173021399978394037e-05 -7.552109376353753357e-06 3.222926135601573523e-07
7.259589866294072635e+02 5.448327762432083059e-07 -3.559238796712856860e-06 2.237427573621089880e-05 -5.996723246508123579e-06 2.984750887206995507e-07
7.340251975919562710e+02 5.003939639691704648e-07 -2.735203636380637272e-06 1.508338027310051930e-05 -4.607260912632274100e-06 2.721795622414466808e-07
7.420914085545052785e+02 4.512043243249502462e-07 -2.011710554202202968e-06 9.603514022855990192e-06 -3.388036773922425963e-06 2.430999999854109160e-07
7.501576195170541723e+02 3.963491393711249702e-07 -1.392166309014698202e-06 5.676622246113528263e-06 -2.344535315781622152e-06 2.106684542832857719e-07
7.582238304796031798e+02 3.344029060317505899e-07 -8.808155620265530172e-07 3.042298314603526748e-06 -1.483869408230593161e-06 1.743660934538473017e-07
7.662900414421521873e+02 2.636544554250772600e-07 -4.849714572148391327e-07 1.429662420671304417e-06 -8.181040050438383718e-07 1.325200402194078023e-07
7.743562524047010811e+02 1.804978135601387746e-07 -2.144256377600738158e-07 5.577193934273651951e-07 -3.624877097269354937e-07 8.388546786947329819e-08
7.824224633672502023e+02 9.016200755798484250e-08 -6.970619735310694150e-08 1.571809621536963030e-07 -1.152674089533316316e-07 3.667692787648345369e-08
7.904886743297990961e+02 2.222846606137157887e-08 -1.384826582073904553e-08 2.496911001316216617e-08 -2.010659200352756297e-08 7.622036996946478228e-09
7.985548852923481036e+02 8.483247312494958142e-10 -5.242935174093084971e-10 8.919814090775894229e-10 -7.216281186102817902e-10 2.756374140714870787e-10
