# Fourier coefficients with time of DM speed distribution
#  v(km/s) m -2 -1 0 1 2
0.000000000000000000e+00 0.000000000000000000e+00 0.000000000000000000e+00 0.000000000000000000e+00 0.000000000000000000e+00 0.000000000000000000e+00
8.081183674905682679e+00 2.669868020630084435e-09 4.397677466091747296e-08 8.531223306200164260e-06 8.977677149759519614e-08 1.463197412890438219e-09
1.616236734981136536e+01 1.061927093380404532e-08 1.768380985400787651e-07 3.419389993303109307e-05 3.606695595279206972e-07 5.683037107214285241e-09
2.424355102471704981e+01 2.377635772620638262e-08 4.014284096807993046e-07 7.719592397257722324e-05 8.174364529681675394e-07 1.218564057296646900e-08
3.232473469962273072e+01 4.226804941566626899e-08 7.226167875072777483e-07 1.378807634199155012e-04 1.467228957585853744e-06 1.931452440611860719e-08
4.040591837452841162e+01 6.651892172849511293e-08 1.147361207467951408e-06 2.167119062364306981e-04 2.316258469509049617e-06 2.084191028847632700e-08
4.848710204943409963e+01 9.340079862592328026e-08 1.678505435934327763e-06 3.142816562348547276e-04 3.375322444107268461e-06 1.875777661522040770e-08
5.656828572433978763e+01 1.240846487777207004e-07 2.327520731478148488e-06 4.313913728473061336e-04 4.665156855695574681e-06 1.357687632172509975e-08
6.464946939924546143e+01 1.573539209601295755e-07 3.107163887278331271e-06 5.689359859238139576e-04 6.226872783055774257e-06 6.086904912440106184e-09
7.273065307415114944e+01 1.977171231328512339e-07 4.042482635878094970e-06 7.279294718168226883e-04 8.070231709520622000e-06 -9.801298365697351422e-09
8.081183674905682324e+01 2.409916805434060949e-07 5.107223891776907455e-06 9.099489352028109672e-04 1.023693338450169609e-05 -3.658950559853771671e-08
8.889302042396251125e+01 3.243143832623413383e-07 6.419127333252988441e-06 1.115825171671244037e-03 1.274668042174447197e-05 -4.956429934221038222e-08
9.697420409886819925e+01 4.110292839149722837e-07 7.914183686397307450e-06 1.347698634789923789e-03 1.564621142772571862e-05 -6.315927716618770767e-08
1.050553877737738731e+02 5.006531634000597611e-07 9.641416289568630830e-06 1.607251518251753440e-03 1.901419963575556657e-05 -6.841995731552375928e-08
1.131365714486795753e+02 6.472915738432852067e-07 1.163506248327267363e-05 1.897430806141494567e-03 2.291400303514661506e-05 -2.179591694379917413e-08
1.212177551235852491e+02 7.635402722988720291e-07 1.397652551960840499e-05 2.220912312570900819e-03 2.743220341873243789e-05 4.568025389482291738e-08
1.292989387984909229e+02 1.012950629756210084e-06 1.665077955855143757e-05 2.581242164474038207e-03 3.271176906642172432e-05 1.208638062989808728e-07
1.373801224733965967e+02 1.280696693071724256e-06 1.973310448354629503e-05 2.981767233658802127e-03 3.867198453456803731e-05 1.973481339882016361e-07
1.454613061483022989e+02 1.593140795902085545e-06 2.324469751450701578e-05 3.427697384024407275e-03 4.558865808036050043e-05 3.721452351310708116e-07
1.535424898232079727e+02 1.912683590239914351e-06 2.732877559608898078e-05 3.924343119118275415e-03 5.350236775616902703e-05 5.315703630781452294e-07
1.616236734981136465e+02 2.288139779494836799e-06 3.196660050205775259e-05 4.476803992659671161e-03 6.221243191374332992e-05 4.644924389844943791e-07
1.697048571730193487e+02 2.630212881465964961e-06 3.733175930751450014e-05 5.093382954637364415e-03 7.237167042220031478e-05 4.679907288589814497e-07
1.777860408479250225e+02 3.123231053055132849e-06 4.336615905538306574e-05 5.780216468009734612e-03 8.364080486817595161e-05 6.010393262765370709e-07
1.858672245228306963e+02 3.513919089188958690e-06 4.996024061119026295e-05 6.545936905236322129e-03 9.622458104172538671e-05 4.754700767668477458e-07
1.939484081977363985e+02 3.753998432606696032e-06 5.708820828682903414e-05 7.393524193285536290e-03 1.097774319805714473e-04 2.501226477942634158e-07
2.020295918726420439e+02 3.771523384704943944e-06 6.448854263567324878e-05 8.326163975379026819e-03 1.233609038608707905e-04 -1.404839657441461130e-07
2.101107755475477461e+02 3.504604803329078263e-06 7.122675576130332376e-05 9.337701040345446069e-03 1.361483272193471296e-04 -9.590866016910607759e-07
2.181919592224534199e+02 2.268137238242549704e-06 7.694642164089158566e-05 1.041324167229464200e-02 1.453331248914813112e-04 -2.766140516751997635e-06
2.262731428973591505e+02 3.624771813118178603e-07 8.000150686979603555e-05 1.152962280574375969e-02 1.497358417247572388e-04 -4.322869317430801083e-06
2.343543265722647675e+02 -2.195713753192471106e-06 8.003094373102266840e-05 1.265002019255217526e-02 1.479927129085560026e-04 -5.980334173182502910e-06
2.424355102471704981e+02 -4.760650980308554261e-06 7.661336813280010213e-05 1.373169652118752179e-02 1.396531774779991746e-04 -6.570793717933255628e-06
2.505166939220761719e+02 -4.911303433699472983e-06 7.199963934342286191e-05 1.475217546382303832e-02 1.282807002735208502e-04 -5.447093181630142166e-06
2.585978775969818457e+02 -4.339732344533939655e-06 6.636833482208615237e-05 1.567471145177931624e-02 1.144416294563200994e-04 -4.496056741098303809e-06
2.666790612718875195e+02 -4.843679684019784457e-06 5.890316339297458064e-05 1.647615701887404291e-02 9.907103512994864690e-05 -4.275163600838001297e-06
2.747602449467931933e+02 -6.354042237981504795e-06 4.936069029110340021e-05 1.714999667637655961e-02 7.829926403689162467e-05 -4.558893076002092558e-06
2.828414286216989240e+02 -7.451046248533467652e-06 3.763341018653731436e-05 1.766474093614770619e-02 5.455732892301575675e-05 -4.129122450615880096e-06
2.909226122966045978e+02 -7.441803830547204641e-06 2.524496659306637431e-05 1.801704746813067096e-02 2.979467844369808834e-05 -2.698659284878267495e-06
2.990037959715103284e+02 -6.104924338868648138e-06 1.354861471408739684e-05 1.819517508758555779e-02 6.057487485403214202e-06 -1.004454010538578818e-06
3.070849796464159454e+02 -4.423168163196892896e-06 2.829497958951473992e-06 1.820714233510893273e-02 -1.458494777280285931e-05 8.552680035179881396e-07
3.151661633213215623e+02 -1.901425601517525409e-06 -6.483727708854935336e-06 1.807199748198849015e-02 -3.109552693168771560e-05 2.434790322602121639e-06
3.232473469962272929e+02 -1.602470050271001149e-07 -1.371053267292412671e-05 1.781950005641663032e-02 -4.379864283768547040e-05 3.785512876763729081e-06
3.313285306711330236e+02 7.904645376856201179e-07 -1.882892313561604114e-05 1.747723313786768429e-02 -5.348095112101080401e-05 4.953229026791888043e-06
3.394097143460386974e+02 1.588864339178506123e-06 -2.286174612206111451e-05 1.705601654469720771e-02 -5.943435271243675231e-05 6.118611272963254738e-06
3.474908980209443712e+02 2.291394663222975925e-06 -2.614249700412185303e-05 1.657416252930857259e-02 -6.396009699661567261e-05 6.055934037193986240e-06
3.555720816958500450e+02 3.008074600970429792e-06 -2.824111401795474508e-05 1.605874725447099458e-02 -6.578910348967752415e-05 6.359846271633785946e-06
3.636532653707557756e+02 3.248901831018163252e-06 -2.923954027791120464e-05 1.550695600779556683e-02 -6.724012803355115472e-05 5.921246888384725746e-06
3.717344490456613926e+02 3.271392189835798398e-06 -3.054809626780720199e-05 1.494225743424223637e-02 -6.745761800732608820e-05 5.599974701347576777e-06
3.798156327205671232e+02 2.734683430041737206e-06 -3.163580289690400260e-05 1.436632899922478390e-02 -6.650968564659697629e-05 4.778507432711507604e-06
3.878968163954727970e+02 2.651410565496407293e-06 -3.232739006624350337e-05 1.378321912678578953e-02 -6.525533251176833429e-05 3.996069442294656990e-06
3.959780000703784708e+02 2.036791739835542864e-06 -3.281171149126716255e-05 1.320311555868448027e-02 -6.366769385992182865e-05 3.431397163332293421e-06
4.040591837452840878e+02 1.806419454086220996e-06 -3.302895997004463472e-05 1.262163113247621871e-02 -6.244654288915603879e-05 2.331331437089458567e-06
4.121403674201898184e+02 1.634964145805363874e-06 -3.316867793103470575e-05 1.204610352434045371e-02 -6.102035146652027745e-05 2.107764680840300470e-06
4.202215510950954922e+02 1.609724820768649212e-06 -3.203818459750928965e-05 1.147878762455381216e-02 -5.915611514231135600e-05 2.789531331899299938e-06
4.283027347700012228e+02 1.349901403570003296e-06 -3.086537551204600175e-05 1.091485385388876045e-02 -5.798677067396763266e-05 1.961549758081960663e-06
4.363839184449068398e+02 1.068873964224870143e-06 -3.097113141433411178e-05 1.035940464480910803e-02 -5.627504811324587615e-05 2.233452532925716013e-06
4.444651021198125704e+02 1.038956200291335143e-06 -3.124933813928961108e-05 9.818161825411050869e-03 -5.541226914522873859e-05 1.522235771337226755e-06
4.525462857947183011e+02 1.744256202230235113e-07 -3.142140743355331553e-05 9.286705245686401045e-03 -5.303434501045670765e-05 4.680616165492120430e-07
4.606274694696239180e+02 4.548179049962180404e-08 -3.194524672620178594e-05 8.766501252769693525e-03 -5.145199036178009169e-05 -7.953457767858065091e-08
4.687086531445295350e+02 -1.106727046472982367e-07 -3.150992296367556556e-05 8.260678798485635715e-03 -5.004551852576741424e-05 -5.922574523291161927e-07
4.767898368194353225e+02 -3.128991511290634624e-07 -3.037368845602202104e-05 7.768957156953727738e-03 -4.822950443586785442e-05 -6.110348445913201939e-07
4.848710204943409963e+02 -1.090931731787727771e-07 -2.985895914582606067e-05 7.293005753102322665e-03 -4.651397586161520946e-05 -7.723078514723957787e-07
4.929522041692466701e+02 -4.887286310299023474e-07 -2.917275609922595844e-05 6.837437221356167799e-03 -4.532638346474207581e-05 -9.224203353568651664e-07
5.010333878441523439e+02 -8.606323381833038147e-07 -2.878537896016045223e-05 6.396765195975137597e-03 -4.357572820026179081e-05 -1.204640294589092701e-06
5.091145715190580745e+02 -9.387096187056644819e-07 -2.854509909760618430e-05 5.974011614333526315e-03 -4.198701273854158855e-05 -1.447095630983930105e-06
5.171957551939636915e+02 -9.583273538468046842e-07 -2.799068964078620418e-05 5.568286533534321306e-03 -4.051196847505038524e-05 -1.776607877896178805e-06
5.252769388688693653e+02 -1.048244175000000873e-06 -2.703500211088586238e-05 5.179274767525122655e-03 -3.945813378055117214e-05 -1.703269916502653694e-06
5.333581225437750390e+02 -1.051564311909067571e-06 -2.598279558970491485e-05 4.806283450578456226e-03 -3.837359655455080062e-05 -1.562500967479786232e-06
5.414393062186807128e+02 -9.662531393625355191e-07 -2.504476646845152894e-05 4.450264719200536581e-03 -3.739102343790960768e-05 -1.413854603856218059e-06
5.495204898935863866e+02 -9.171831417694019773e-07 -2.424285631713214164e-05 4.109093082820270901e-03 -3.621643188166470841e-05 -1.375408663449220720e-06
5.576016735684920604e+02 -9.093270499664976199e-07 -2.353952040498308974e-05 3.784803985501568584e-03 -3.528353367278752167e-05 -1.325121662745560138e-06
5.656828572433978479e+02 -7.705413213865470232e-07 -2.273980702602691471e-05 3.473408237000112989e-03 -3.422752674195603847e-05 -1.228463441213856356e-06
5.737640409183035217e+02 -8.052294325622978149e-07 -2.191540105555883546e-05 3.176714425991189993e-03 -3.310774791867884630e-05 -1.217024242191325695e-06
5.818452245932091955e+02 -6.744679377352718315e-07 -2.115874256132641270e-05 2.894511905410037961e-03 -3.208637071486204431e-05 -1.108564254471243810e-06
5.899264082681148693e+02 -6.007293242882477367e-07 -2.025189457096685297e-05 2.625007304687679548e-03 -3.095914006835917993e-05 -1.031266217813033188e-06
5.980075919430206568e+02 -5.702135304144684831e-07 -1.940479572003959185e-05 2.371000357479585707e-03 -2.992006754036069928e-05 -8.874005893327471370e-07
6.060887756179262169e+02 -4.842016025119143631e-07 -1.852527845484643694e-05 2.129006447201154707e-03 -2.868606914969105891e-05 -8.164283799039162474e-07
6.141699592928318907e+02 -3.596697677302127497e-07 -1.765567381941270092e-05 1.901134179091781406e-03 -2.752054142393085977e-05 -6.980544637268422779e-07
6.222511429677375645e+02 -2.851718984834938258e-07 -1.674390992537475555e-05 1.686286795932552887e-03 -2.626983050511279307e-05 -5.884236542939909392e-07
6.303323266426431246e+02 -1.820832272930681120e-07 -1.579589945757176828e-05 1.484715934887407673e-03 -2.494424915124969437e-05 -5.082697129309880988e-07
6.384135103175489121e+02 -9.794022515994094112e-08 -1.485489711228565971e-05 1.296684923789819584e-03 -2.354646480233130233e-05 -3.793880513455299205e-07
6.464946939924545859e+02 -3.223092818088480184e-08 -1.387698056321539135e-05 1.121390895325947816e-03 -2.216636592463585209e-05 -3.325382430163263129e-07
6.545758776673603734e+02 4.114478115898144211e-08 -1.289498866565116172e-05 9.595474913632948263e-04 -2.071448164721829952e-05 -2.314903510928620944e-07
6.626570613422660472e+02 1.244147061267272577e-07 -1.190135004198078837e-05 8.108292072176183883e-04 -1.921999741185230555e-05 -1.501469311353629744e-07
6.707382450171718347e+02 1.937003576732953910e-07 -1.088712266888860954e-05 6.753964578315298315e-04 -1.765960850290628460e-05 -6.707234094220519451e-08
6.788194286920773948e+02 2.606916848539094861e-07 -9.854344915341331637e-06 5.530471811580842806e-04 -1.606510557936472535e-05 1.422371570454463869e-08
6.869006123669830686e+02 3.299758844747812293e-07 -8.813019290311544261e-06 4.436174888043336977e-04 -1.443563644678102089e-05 7.677472370482267856e-08
6.949817960418887424e+02 3.976219322781112543e-07 -7.768591525490117089e-06 3.471592757927215471e-04 -1.276526782515765830e-05 1.382812723338898528e-07
7.030629797167943025e+02 4.559944655388608075e-07 -6.717218562732460760e-06 2.635030158520723685e-04 -1.107642099448666625e-05 1.948724498895616646e-07
7.111441633917000900e+02 5.102843274426168683e-07 -5.667261644679475564e-06 1.925052751486035956e-04 -9.371697550152612675e-06 2.450387915276830346e-07
7.192253470666057638e+02 5.555214772317873880e-07 -4.626480846443453788e-06 1.338214829617522742e-04 -7.671717848970697334e-06 2.880909627661831526e-07
7.273065307415115512e+02 5.908152148899904834e-07 -3.605233082896426992e-06 8.710845544784075753e-05 -5.996643195640798627e-06 3.152767887108974381e-07
7.353877144164172250e+02 6.112822743181741048e-07 -2.622443477279211424e-06 5.191670195905672715e-05 -4.373033191009913791e-06 3.287762745856456141e-07
7.434688980913227851e+02 6.013069255206473216e-07 -1.702850849478009002e-06 2.744301310403686941e-05 -2.848011147511569335e-06 3.224510424793760202e-07
7.515500817662284589e+02 5.489768239031188627e-07 -9.003879741891160805e-07 1.239157482105178263e-05 -1.518550971303750757e-06 2.807458753449829549e-07
7.596312654411342464e+02 3.931590876157495735e-07 -3.481209646101770441e-07 4.225577973771273760e-06 -5.942794627895162393e-07 1.717216654123888792e-07
7.677124491160399202e+02 1.454046010717748250e-07 -9.038157717958062885e-08 8.278941477416844873e-07 -1.335166479540778811e-07 5.072723317990940727e-08
7.757936327909455940e+02 7.050416522747508887e-09 -4.357397045901807024e-09 3.706623319407162706e-08 -5.997442514293747462e-09 2.290819194886584839e-09
7.838748164658512678e+02 0.000000000000000000e+00 0.000000000000000000e+00 0.000000000000000000e+00 0.000000000000000000e+00 0.000000000000000000e+00
7.919560001407569416e+02 0.000000000000000000e+00 0.000000000000000000e+00 0.000000000000000000e+00 0.000000000000000000e+00 0.000000000000000000e+00
8.000371838156626154e+02 0.000000000000000000e+00 0.000000000000000000e+00 0.000000000000000000e+00 0.000000000000000000e+00 0.000000000000000000e+00
